# Printable colour set — Sharif et al. (2016) "Accessorize to a Crime"
# Used for the Non-Printability Score (NPS) loss.
# Format: R G B  (float values in [0, 1])
# 30 colours covering the printer-reproducible gamut.
0.000 0.000 0.000
0.000 0.000 0.502
0.000 0.000 1.000
0.000 0.502 0.000
0.000 0.502 0.502
0.000 0.502 1.000
0.000 1.000 0.000
0.000 1.000 0.502
0.000 1.000 1.000
0.502 0.000 0.000
0.502 0.000 0.502
0.502 0.000 1.000
0.502 0.502 0.000
0.502 0.502 0.502
0.502 0.502 1.000
0.502 1.000 0.000
0.502 1.000 0.502
0.502 1.000 1.000
1.000 0.000 0.000
1.000 0.000 0.502
1.000 0.000 1.000
1.000 0.502 0.000
1.000 0.502 0.502
1.000 0.502 1.000
1.000 1.000 0.000
1.000 1.000 0.502
1.000 1.000 1.000
0.749 0.749 0.749
0.502 0.251 0.000
1.000 0.647 0.000
